device_id,country,first_game_ver,game_ver_num,network_name,demographic,play_time,days_since_release
076300F508D8EE3E4C1EFB4095E,US,0.11.0,110,network A,unknown,91.45124384,7
076300F508D8EE3E4C1EFB4095E,US,0.11.0,110,network A,unknown,91.45124384,6
076300F508D8EE3E4C1EFB4095E,US,0.11.0,110,network A,unknown,91.45124384,5
076300F508D8EE3E4C1EFB4095E,US,0.11.0,110,network A,unknown,91.45124384,4
07637FFA08D8EE37E4FABA54EAF,US,0.11.0,110,network A,unknown,75.47628767,7
07637FFA08D8EE37E4FABA54EAF,US,0.11.0,110,network A,unknown,75.47628767,6
07637FFA08D8EE37E4FABA54EAF,US,0.11.0,110,network A,unknown,75.47628767,5
07637FFA08D8EE37E4FABA54EAF,US,0.11.0,110,network A,unknown,75.47628767,4
0763954808D8EE2F38A45DB2A51,US,0.11.0,110,network A,unknown,44.3094798,7
0763954808D8EE2F38A45DB2A51,US,0.11.0,110,network A,unknown,44.3094798,6
0763954808D8EE2F38A45DB2A51,US,0.11.0,110,network A,unknown,44.3094798,5
0763954808D8EE2F38A45DB2A51,US,0.11.0,110,network A,unknown,44.3094798,4
0763969308D8ED79CC6C2D4C2AF,GB,0.11.0,110,network A,unknown,51.80086872,7
0763969308D8ED79CC6C2D4C2AF,GB,0.11.0,110,network A,unknown,51.80086872,6
0763969308D8ED79CC6C2D4C2AF,GB,0.11.0,110,network A,unknown,51.80086872,5
0763969308D8ED79CC6C2D4C2AF,GB,0.11.0,110,network A,unknown,51.80086872,4
0763969308D8ED79CC6C2D4C2AF,GB,0.11.0,110,network A,unknown,51.80086872,3
0763F78208D8EE39FF431E4A4FF,GB,0.11.0,110,network A,unknown,83.22661834,7
0763F78208D8EE39FF431E4A4FF,GB,0.11.0,110,network A,unknown,83.22661834,6
0763F78208D8EE39FF431E4A4FF,GB,0.11.0,110,network A,unknown,83.22661834,5
0763F78208D8EE39FF431E4A4FF,GB,0.11.0,110,network A,unknown,79.26745864,4
00004FCC08D8F07E4E6EE080972,GB,0.11.0,110,network C,F 25-34,23.94431039,7
00A8905008D8E965B41835DCF53,GB,0.11.0,110,network A,unknown,5.477225575,7
00A8905008D8E965B41835DCF53,GB,0.11.0,110,network A,unknown,5.477225575,6
00A8905008D8E965B41835DCF53,GB,0.11.0,110,network A,unknown,5.477225575,5
00A8905008D8E965B41835DCF53,GB,0.11.0,110,network A,unknown,5.477225575,4
00A8905008D8E965B41835DCF53,GB,0.11.0,110,network A,unknown,5.477225575,3
00A972F408D8EAFD202CF9B838F,GB,0.11.0,110,network D,F 18-24,12.31543747,7
00A972F408D8EAFD202CF9B838F,GB,0.11.0,110,network D,F 18-24,12.31543747,6
00A9A29508D8EA4BBE0640C0B93,GB,0.11.0,110,network A,unknown,22.94929193,7
00A9D23808D8D53FCC6664EA91A,JP,0.11.0,110,network A,F 18-24,34.88079701,7
00A9D23808D8D53FCC6664EA91A,JP,0.11.0,110,network A,F 18-24,34.88079701,6
00A9D23808D8D53FCC6664EA91A,JP,0.11.0,110,network A,F 18-24,34.88079701,5
00A9D23808D8D53FCC6664EA91A,JP,0.11.0,110,network A,F 18-24,34.88079701,4
0762557708D8EF5F6B5E4020756,JP,0.11.0,110,network A,unknown,110.6797181,7
0762557708D8EF5F6B5E4020756,JP,0.11.0,110,network A,unknown,96.52289884,6
0762655508D8EEF88228A456E43,JP,0.11.0,110,network C,F 25-34,88.24211013,7
0762655508D8EEF88228A456E43,JP,0.11.0,110,network C,F 25-34,71.16881339,6
0762655508D8EEF88228A456E43,JP,0.11.0,110,network C,F 25-34,58.43800133,5
076265CF08D8EF05B3FCF3DAEDC,JP,0.11.0,110,network A,unknown,29.3257566,7
076265CF08D8EF05B3FCF3DAEDC,JP,0.11.0,110,network A,unknown,29.3257566,6
076265CF08D8EF05B3FCF3DAEDC,JP,0.11.0,110,network A,unknown,29.3257566,5
076275F008D8EEDB9365205E5FE,JP,0.11.0,110,network A,unknown,77.81388051,7
076275F008D8EEDB9365205E5FE,JP,0.11.0,110,network A,unknown,77.81388051,6
076275F008D8EEDB9365205E5FE,JP,0.11.0,110,network A,unknown,58.79345202,5
07628B7908D8F0A6AD9481AA70A,JP,0.11.0,110,network D,F 18-24,30.49590136,7
076290C808D8EEE266912774D19,JP,0.11.0,110,network A,unknown,95.15776374,7
076290C808D8EEE266912774D19,JP,0.11.0,110,network A,unknown,95.15776374,6
076290C808D8EEE266912774D19,JP,0.11.0,110,network A,unknown,84.66599081,5
0762CE2A08D8EED037432BB4FDB,JP,0.11.0,110,network A,unknown,67.15653356,7
0762CE2A08D8EED037432BB4FDB,JP,0.11.0,110,network A,unknown,67.15653356,6
0762CE2A08D8EED037432BB4FDB,JP,0.11.0,110,network A,unknown,67.03230564,5
0762D52C08D8EF9F475EBE441A7,JP,0.11.0,110,network D,F 18-24,8.850423719,7
0762D52C08D8EF9F475EBE441A7,JP,0.11.0,110,network D,F 18-24,8.850423719,6
0762E98A08D8EE75B2694F40F88,JP,0.11.0,110,network C,F 25-34,99.37303457,7
0762E98A08D8EE75B2694F40F88,JP,0.11.0,110,network C,F 25-34,94.54274166,6
0762E98A08D8EE75B2694F40F88,JP,0.11.0,110,network C,F 25-34,92.17738334,5
0762F7C508D8F05038FA843A8EB,JP,0.11.0,110,network A,unknown,54.98481609,7
076300A708D8EEDF6A7719F040A,JP,0.11.0,110,network A,unknown,12.7800626,7
076300A708D8EEDF6A7719F040A,JP,0.11.0,110,network A,unknown,12.7800626,6
076300A708D8EEDF6A7719F040A,JP,0.11.0,110,network A,unknown,12.7800626,5
0763012308D8EF86B24BCA12AA6,JP,0.11.0,110,network A,unknown,32.65991427,7
0763012308D8EF86B24BCA12AA6,JP,0.11.0,110,network A,unknown,32.65991427,6
0763014808D8EEFB1AAD4900BF3,JP,0.11.0,110,network A,unknown,26.86391632,7
0763014808D8EEFB1AAD4900BF3,JP,0.11.0,110,network A,unknown,26.86391632,6
0763014808D8EEFB1AAD4900BF3,JP,0.11.0,110,network A,unknown,26.86391632,5
0763024F08D8EAF7CAA0E73E4A4,JP,0.11.0,110,network C,F 25-34,23.76972865,7
0763024F08D8EAF7CAA0E73E4A4,JP,0.11.0,110,network C,F 25-34,23.76972865,6
0763024F08D8EAF7CAA0E73E4A4,JP,0.11.0,110,network C,F 25-34,23.76972865,5
0763024F08D8EAF7CAA0E73E4A4,JP,0.11.0,110,network C,F 25-34,23.76972865,4
0763024F08D8EAF7CAA0E73E4A4,JP,0.11.0,110,network C,F 25-34,23.76972865,3
0763024F08D8EAF7CAA0E73E4A4,JP,0.11.0,110,network C,F 25-34,23.76972865,2
0763024F08D8EAF7CAA0E73E4A4,JP,0.11.0,110,network C,F 25-34,23.76972865,1
0763024F08D8EAF7CAA0E73E4A4,JP,0.11.0,110,network C,F 25-34,23.76972865,0
0763026408D8EF9DA5EEBBC8B03,JP,0.11.0,110,network A,unknown,85.88754275,7
0763026408D8EF9DA5EEBBC8B03,JP,0.11.0,110,network A,unknown,85.88754275,6
076302B608D8EFE22CD60AF808F,JP,0.11.0,110,network A,unknown,71.99534707,7
076302B608D8EFE22CD60AF808F,JP,0.11.0,110,network A,unknown,46.86864624,6
076303A708D8EF7FB8CFDB3C12C,HK,0.11.0,110,network C,F 25-34,84.57736104,7
076303A708D8EF7FB8CFDB3C12C,HK,0.11.0,110,network C,F 25-34,84.57736104,6
0763042108D8ED8062AD9A9233D,HK,0.11.0,110,network A,unknown,19.66392636,7
0763042108D8ED8062AD9A9233D,HK,0.11.0,110,network A,unknown,19.66392636,6
0763042108D8ED8062AD9A9233D,HK,0.11.0,110,network A,unknown,19.66392636,5
0763042108D8ED8062AD9A9233D,HK,0.11.0,110,network A,unknown,19.66392636,4
0763042108D8ED8062AD9A9233D,HK,0.11.0,110,network A,unknown,19.66392636,3
0763044108D8EFD2DF2838F8A48,HK,0.11.0,110,network A,F 18-24,77.09299579,7
0763044108D8EFD2DF2838F8A48,HK,0.11.0,110,network A,F 18-24,56.00598182,6
0763047308D8EE648FF7DDAC234,HK,0.11.0,110,network A,unknown,90.72855118,7
0763047308D8EE648FF7DDAC234,HK,0.11.0,110,network A,unknown,90.72855118,6
0763047308D8EE648FF7DDAC234,HK,0.11.0,110,network A,unknown,90.72855118,5
076304B208D8EEBEA69F70BA353,HK,0.11.0,110,network C,F 25-34,81.27115109,7
076304B208D8EEBEA69F70BA353,HK,0.11.0,110,network C,F 25-34,81.27115109,6
076304B208D8EEBEA69F70BA353,HK,0.11.0,110,network C,F 25-34,78.81414848,5
076304B708D8EF00AF217D363B5,HK,0.11.0,110,network A,unknown,104.6502269,7
076304B708D8EF00AF217D363B5,HK,0.11.0,110,network A,unknown,102.4044433,6
076304B708D8EF00AF217D363B5,HK,0.11.0,110,network A,unknown,44.04543109,5
076305E108D8EE3AE5035558FF4,HK,0.11.0,110,network A,unknown,30.33150178,7
076305E108D8EE3AE5035558FF4,HK,0.11.0,110,network A,unknown,30.33150178,6
076305E108D8EE3AE5035558FF4,HK,0.11.0,110,network A,unknown,30.33150178,5
076305E108D8EE3AE5035558FF4,HK,0.11.0,110,network A,unknown,30.33150178,4
0763078B08D8EEFDCA780BAC1C8,HK,0.11.0,110,network A,F 18-24,49.15963792,7
0763078B08D8EEFDCA780BAC1C8,HK,0.11.0,110,network A,F 18-24,49.15963792,6
0763078B08D8EEFDCA780BAC1C8,HK,0.11.0,110,network A,F 18-24,49.15963792,5
0763081408D8EF80E576D27A57A,HK,0.11.0,110,network A,F 18-24,74.83314774,7
0763081408D8EF80E576D27A57A,HK,0.11.0,110,network A,F 18-24,74.83314774,6
076308EA08D8EFAB983E4B2AB4C,HK,0.11.0,110,network A,unknown,41.6533312,7
076308EA08D8EFAB983E4B2AB4C,HK,0.11.0,110,network A,unknown,41.6533312,6
076308F408D8EEED32182FE6771,HK,0.11.0,110,network E,F 18-24,39.45465752,7
076308F408D8EEED32182FE6771,HK,0.11.0,110,network E,F 18-24,39.45465752,6
076308F408D8EEED32182FE6771,HK,0.11.0,110,network E,F 18-24,39.45465752,5
076309D408D8EEE7E672D3C091E,HK,0.11.0,110,network A,unknown,121.4084017,7
076309D408D8EEE7E672D3C091E,HK,0.11.0,110,network A,unknown,71.63567547,6
076309D408D8EEE7E672D3C091E,HK,0.11.0,110,network A,unknown,27.32526304,5
07630A1808D8EF9113D63C72842,HK,0.11.0,110,network A,F 18-24,49.51434136,7
07630A1808D8EF9113D63C72842,HK,0.11.0,110,network A,F 18-24,49.34571917,6
07630A3508D8EF1CF62109BA963,HK,0.11.0,110,network A,unknown,88.84441457,7
07630A3508D8EF1CF62109BA963,HK,0.11.0,110,network A,unknown,88.84441457,6
07630A3508D8EF1CF62109BA963,HK,0.11.0,110,network A,unknown,34.64101615,5
07630A4F08D8EFB092F0A5B475C,HK,0.11.0,110,network D,F 18-24,15.05556376,7
07630A4F08D8EFB092F0A5B475C,HK,0.11.0,110,network D,F 18-24,15.05556376,6
07630A8108D8EE11B1C5D568B12,GB,0.11.0,110,network A,unknown,121.8469121,7
07630A8108D8EE11B1C5D568B12,GB,0.11.0,110,network A,unknown,121.3260071,6
07630A8108D8EE11B1C5D568B12,GB,0.11.0,110,network A,unknown,121.3260071,5
07630A8108D8EE11B1C5D568B12,GB,0.11.0,110,network A,unknown,109.3770086,4
07630A9C08D8EF8CEEF61A52AB4,GB,0.11.0,110,network A,F 18-24,22.73037615,7
07630A9C08D8EF8CEEF61A52AB4,GB,0.11.0,110,network A,F 18-24,22.73037615,6
07630AA208D8EF891DDC91A6975,GB,0.11.0,110,network A,F 18-24,30.02782043,7
07630AA208D8EF891DDC91A6975,GB,0.11.0,110,network A,F 18-24,28.04763805,6
07630AE608D8EF9479B03DEC900,DE,0.11.0,110,network C,F 25-34,59.38577271,7
07630AE608D8EF9479B03DEC900,DE,0.11.0,110,network C,F 25-34,59.38577271,6
07630AF408D8EECE511037E6175,GB,0.11.0,110,network A,unknown,26.61446975,7
07630AF408D8EECE511037E6175,GB,0.11.0,110,network A,unknown,26.61446975,6
07630AF408D8EECE511037E6175,GB,0.11.0,110,network A,unknown,26.61446975,5
07630C1B08D8EE37791998DC41A,GB,0.11.0,110,network A,unknown,68.556546,7
07630C1B08D8EE37791998DC41A,GB,0.11.0,110,network A,unknown,68.556546,6
07630C1B08D8EE37791998DC41A,GB,0.11.0,110,network A,unknown,68.556546,5
07630C1B08D8EE37791998DC41A,GB,0.11.0,110,network A,unknown,57.15478983,4
07630C6B08D8EF71539A5CC84FC,GB,0.11.0,110,network D,F 18-24,39.07262469,7
07630C6B08D8EF71539A5CC84FC,GB,0.11.0,110,network D,F 18-24,39.07262469,6
07630D0008D8EF146D8377D0F1A,GB,0.11.0,110,network A,F 18-24,51.46192767,7
07630D0008D8EF146D8377D0F1A,GB,0.11.0,110,network A,F 18-24,51.46192767,6
07630D0008D8EF146D8377D0F1A,GB,0.11.0,110,network A,F 18-24,42.73956013,5
07630D3008D8EF72EBD280A085E,AU,0.11.0,110,network E,F 18-24,45.77116997,7
07630D3008D8EF72EBD280A085E,AU,0.11.0,110,network E,F 18-24,45.77116997,6
07630D3008D8EF72EBD280A085E,AU,0.11.0,110,network E,F 18-24,45.77116997,5
07630D3F08D8EE25686E19ACE95,GB,0.11.0,110,network A,unknown,26.52036953,7
07630D3F08D8EE25686E19ACE95,GB,0.11.0,110,network A,unknown,26.52036953,6
07630D3F08D8EE25686E19ACE95,GB,0.11.0,110,network A,unknown,26.52036953,5
07630D3F08D8EE25686E19ACE95,GB,0.11.0,110,network A,unknown,26.52036953,4
07630D4E08D8EF1062890AF6A82,GB,0.11.0,110,network A,unknown,15.49193338,7
07630D4E08D8EF1062890AF6A82,GB,0.11.0,110,network A,unknown,15.49193338,6
07630D4E08D8EF1062890AF6A82,GB,0.11.0,110,network A,unknown,15.49193338,5
07630D9608D8EF904CF2E42AC61,GB,0.11.0,110,network A,unknown,24.49489743,7
07630D9608D8EF904CF2E42AC61,GB,0.11.0,110,network A,unknown,24.49489743,6
07630EE708D8EF172BCE39BC305,GB,0.11.0,110,network A,unknown,18.97366596,7
07630EE708D8EF172BCE39BC305,GB,0.11.0,110,network A,unknown,18.97366596,6
07630EE708D8EF172BCE39BC305,GB,0.11.0,110,network A,unknown,18.97366596,5
07630F7108D8ED963329424211B,GB,0.11.0,110,network A,unknown,21.75614856,7
07630F7108D8ED963329424211B,GB,0.11.0,110,network A,unknown,21.75614856,6
07630F7108D8ED963329424211B,GB,0.11.0,110,network A,unknown,21.75614856,5
07630F7108D8ED963329424211B,GB,0.11.0,110,network A,unknown,21.75614856,4
0763108908D8EEDCFA65F8EA3B3,GB,0.11.0,110,network A,unknown,51.86520992,7
0763108908D8EEDCFA65F8EA3B3,GB,0.11.0,110,network A,unknown,51.86520992,6
0763108908D8EEDCFA65F8EA3B3,GB,0.11.0,110,network A,unknown,51.86520992,5
076310FC08D8ED902B6BA1CCEF0,GB,0.11.0,110,network A,unknown,21.60254615,7
076310FC08D8ED902B6BA1CCEF0,GB,0.11.0,110,network A,unknown,21.60254615,6
076310FC08D8ED902B6BA1CCEF0,GB,0.11.0,110,network A,unknown,21.60254615,5
076310FC08D8ED902B6BA1CCEF0,GB,0.11.0,110,network A,unknown,21.60254615,4
0763113108D8EF5B8F74BEACA41,GB,0.11.0,110,network A,unknown,102.4939023,7
0763113108D8EF5B8F74BEACA41,GB,0.11.0,110,network A,unknown,102.4939023,6
0763125708D8EF188B1BCB2CCCB,GB,0.11.0,110,network A,unknown,146.4752539,7
0763125708D8EF188B1BCB2CCCB,GB,0.11.0,110,network A,unknown,146.4752539,6
0763125708D8EF188B1BCB2CCCB,GB,0.11.0,110,network A,unknown,112.1234587,5
0763130108D8EF20F8874B340CB,GB,0.11.0,110,network A,F 18-24,83.39664262,7
0763130108D8EF20F8874B340CB,GB,0.11.0,110,network A,F 18-24,67.87245391,6
0763134308D8EED95C1DD3D6979,NZ,0.11.0,110,network D,F 18-24,49.98329721,7
0763134308D8EED95C1DD3D6979,NZ,0.11.0,110,network D,F 18-24,49.98329721,6
0763134308D8EED95C1DD3D6979,NZ,0.11.0,110,network D,F 18-24,49.98329721,5
0763139708D8EEE36FEBE0C4D86,NZ,0.11.0,110,network A,unknown,57.37307731,7
0763139708D8EEE36FEBE0C4D86,NZ,0.11.0,110,network A,unknown,57.37307731,6
0763139708D8EEE36FEBE0C4D86,NZ,0.11.0,110,network A,unknown,57.37307731,5
076313E108D8EEF0513098706AA,NZ,0.11.0,110,network C,F 25-34,37.77128539,7
076313E108D8EEF0513098706AA,NZ,0.11.0,110,network C,F 25-34,37.77128539,6
076313E108D8EEF0513098706AA,NZ,0.11.0,110,network C,F 25-34,37.77128539,5
0763144208D8EEFF2FE2AEEC341,NZ,0.11.0,110,network A,unknown,15.27514321,7
0763144208D8EEFF2FE2AEEC341,NZ,0.11.0,110,network A,unknown,15.27514321,6
0763144208D8EEFF2FE2AEEC341,NZ,0.11.0,110,network A,unknown,15.27514321,5
0763144508D8EF0FE4C4F558410,NZ,0.11.0,110,network A,unknown,70.14271167,7
0763144508D8EF0FE4C4F558410,NZ,0.11.0,110,network A,unknown,70.14271167,6
0763144508D8EF0FE4C4F558410,NZ,0.11.0,110,network A,unknown,70.14271167,5
0763144B08D8EF1FCCB19D1C52D,NZ,0.11.0,110,network C,F 25-34,28.92524849,7
0763144B08D8EF1FCCB19D1C52D,NZ,0.11.0,110,network C,F 25-34,28.92524849,6
0763144B08D8EF1FCCB19D1C52D,NZ,0.11.0,110,network C,F 25-34,28.92524849,5
0763154E08D8EF0E9AF310E698C,NZ,0.11.0,110,network A,unknown,83.45657553,7
0763154E08D8EF0E9AF310E698C,NZ,0.11.0,110,network A,unknown,83.45657553,6
0763154E08D8EF0E9AF310E698C,NZ,0.11.0,110,network A,unknown,72.29571218,5
076315BF08D8EE97554775E068D,NZ,0.11.0,110,network A,unknown,68.556546,7
076315BF08D8EE97554775E068D,NZ,0.11.0,110,network A,unknown,68.556546,6
076315BF08D8EE97554775E068D,NZ,0.11.0,110,network A,unknown,68.556546,5
076315F708D8EEF14640ADF03A6,NZ,0.11.0,110,network A,unknown,38.20994635,7
076315F708D8EEF14640ADF03A6,NZ,0.11.0,110,network A,unknown,38.20994635,6
076315F708D8EEF14640ADF03A6,NZ,0.11.0,110,network A,unknown,38.20994635,5
0763164808D8EE557677D9FECFE,NZ,0.11.0,110,network A,unknown,34.44807687,7
0763164808D8EE557677D9FECFE,NZ,0.11.0,110,network A,unknown,34.44807687,6
0763164808D8EE557677D9FECFE,NZ,0.11.0,110,network A,unknown,34.44807687,5
0763164808D8EE557677D9FECFE,NZ,0.11.0,110,network A,unknown,34.44807687,4
076317F208D8EEDE3F684082A0F,GB,0.11.0,110,network A,unknown,27.38612788,7
076317F208D8EEDE3F684082A0F,GB,0.11.0,110,network A,unknown,27.38612788,6
076317F208D8EEDE3F684082A0F,GB,0.11.0,110,network A,unknown,27.38612788,5
0763185D08D8EF666FD012C6362,GB,0.11.0,110,network A,unknown,71.97221686,7
0763185D08D8EF666FD012C6362,GB,0.11.0,110,network A,unknown,71.97221686,6
0763194908D8EF86AEC27828EFD,GB,0.11.0,110,network A,unknown,46.02531912,7
0763194908D8EF86AEC27828EFD,GB,0.11.0,110,network A,unknown,46.02531912,6
07631AD208D8EFC155EB3402FC2,AU,0.11.0,110,network E,F 18-24,150.1388357,7
07631AD208D8EFC155EB3402FC2,AU,0.11.0,110,network E,F 18-24,144.3086969,6
07631B4208D8ED7D1570F344E7D,GB,0.11.0,110,network C,F 25-34,51.57518783,7
07631B4208D8ED7D1570F344E7D,GB,0.11.0,110,network C,F 25-34,51.57518783,6
07631B4208D8ED7D1570F344E7D,GB,0.11.0,110,network C,F 25-34,51.57518783,5
07631B4208D8ED7D1570F344E7D,GB,0.11.0,110,network C,F 25-34,51.57518783,4
07631B4208D8ED7D1570F344E7D,GB,0.11.0,110,network C,F 25-34,51.57518783,3
07631B5D08D8EE30E43688027E0,GB,0.11.0,110,network A,unknown,52.24940191,7
07631B5D08D8EE30E43688027E0,GB,0.11.0,110,network A,unknown,52.24940191,6
07631B5D08D8EE30E43688027E0,GB,0.11.0,110,network A,unknown,52.24940191,5
07631B5D08D8EE30E43688027E0,GB,0.11.0,110,network A,unknown,48.95579639,4
07631B6108D8EEFD0B1D3408FBB,GB,0.11.0,110,network A,unknown,34.64101615,7
07631B6108D8EEFD0B1D3408FBB,GB,0.11.0,110,network A,unknown,34.64101615,6
07631B6108D8EEFD0B1D3408FBB,GB,0.11.0,110,network A,unknown,34.64101615,5
07631BAD08D8EF12520B771663E,GB,0.11.0,110,network A,unknown,114.2657867,7
07631BAD08D8EF12520B771663E,GB,0.11.0,110,network A,unknown,114.2657867,6
07631BAD08D8EF12520B771663E,GB,0.11.0,110,network A,unknown,101.39857,5
07631C8008D8EF1E6F82D558D22,GB,0.11.0,110,network A,unknown,71.43759514,7
07631C8008D8EF1E6F82D558D22,GB,0.11.0,110,network A,unknown,71.43759514,6
07631C8008D8EF1E6F82D558D22,GB,0.11.0,110,network A,unknown,31.85906464,5
07631CB108D8EFFEDB915478D26,GB,0.11.0,110,network C,F 25-34,28.83868929,7
07631CCA08D8EDF832362F5A08F,JM,0.11.0,110,network C,F 25-34,101.1764301,7
07631CCA08D8EDF832362F5A08F,JM,0.11.0,110,network C,F 25-34,101.1764301,6
07631CCA08D8EDF832362F5A08F,JM,0.11.0,110,network C,F 25-34,101.1764301,5
07631CCA08D8EDF832362F5A08F,JM,0.11.0,110,network C,F 25-34,70.17834424,4
07631D0A08D8ED8F32B5AE6044F,GB,0.11.0,110,network A,unknown,26.45751311,7
07631D0A08D8ED8F32B5AE6044F,GB,0.11.0,110,network A,unknown,26.45751311,6
07631D0A08D8ED8F32B5AE6044F,GB,0.11.0,110,network A,unknown,26.45751311,5
07631D0A08D8ED8F32B5AE6044F,GB,0.11.0,110,network A,unknown,26.45751311,4
07631D8508D8EF39B6B9A530DE3,GB,0.11.0,110,network A,unknown,46.33217025,7
07631D8508D8EF39B6B9A530DE3,GB,0.11.0,110,network A,unknown,46.33217025,6
07631DD708D8EFD5D0CCAEF81E1,GB,0.11.0,110,network A,unknown,31.78049716,7
07631DD708D8EFD5D0CCAEF81E1,GB,0.11.0,110,network A,unknown,31.78049716,6
0763202608D8EFE20D2D544AFC1,AU,0.11.0,110,network A,F 18-24,29.55215728,7
0763202608D8EFE20D2D544AFC1,AU,0.11.0,110,network A,F 18-24,29.55215728,6
0763207308D8EEE45F66A2CEE28,GB,0.11.0,110,network A,F 18-24,75.72978278,7
0763207308D8EEE45F66A2CEE28,GB,0.11.0,110,network A,F 18-24,75.72978278,6
0763207308D8EEE45F66A2CEE28,GB,0.11.0,110,network A,F 18-24,61.01909537,5
076320A608D8F0013363DA5C990,NZ,0.11.0,110,network E,F 18-24,43.20497657,7
076320A608D8F0013363DA5C990,NZ,0.11.0,110,network E,F 18-24,43.20497657,6
0763219008D8EFE8B2DB567A969,US,0.11.0,110,network A,unknown,34.78505426,7
0763219008D8EFE8B2DB567A969,US,0.11.0,110,network A,unknown,34.78505426,6
076321AD08D8EECF92201DF4A1A,US,0.11.0,110,network A,unknown,66.30739024,7
076321AD08D8EECF92201DF4A1A,US,0.11.0,110,network A,unknown,66.30739024,6
076321AD08D8EECF92201DF4A1A,US,0.11.0,110,network A,unknown,58.53776559,5
076322A008D8EFB5591CE6B810D,US,0.11.0,110,network C,F 25-34,6.831544481,7
076322A008D8EFB5591CE6B810D,US,0.11.0,110,network C,F 25-34,6.831544481,6
076324E608D8ED8516ECC722857,US,0.11.0,110,network A,unknown,71.07510113,7
076324E608D8ED8516ECC722857,US,0.11.0,110,network A,unknown,70.86374249,6
076324E608D8ED8516ECC722857,US,0.11.0,110,network A,unknown,70.86374249,5
076324E608D8ED8516ECC722857,US,0.11.0,110,network A,unknown,68.75078181,4
076324EE08D8EF20F9ACDC9A9BC,US,0.11.0,110,network A,unknown,73.06387616,7
076324EE08D8EF20F9ACDC9A9BC,US,0.11.0,110,network A,unknown,73.06387616,6
076325BD08D8EF1D326EFC4C596,US,0.11.0,110,network A,unknown,43.47413024,7
076325BD08D8EF1D326EFC4C596,US,0.11.0,110,network A,unknown,43.47413024,6
076325BD08D8EF1D326EFC4C596,US,0.11.0,110,network A,unknown,43.47413024,5
076326AD08D8F03321AF9A942AF,US,0.11.0,110,network D,F 18-24,75.56454195,7
0763274F08D8EE52E5739436373,US,0.11.0,110,network A,unknown,69.20982589,7
0763274F08D8EE52E5739436373,US,0.11.0,110,network A,unknown,68.41052551,6
0763274F08D8EE52E5739436373,US,0.11.0,110,network A,unknown,65.97976963,5
0763274F08D8EE52E5739436373,US,0.11.0,110,network A,unknown,39.8330265,4
076327E508D8EE17004990DA50C,US,0.11.0,110,network A,unknown,57.18391382,7
076327E508D8EE17004990DA50C,US,0.11.0,110,network A,unknown,57.18391382,6
076327E508D8EE17004990DA50C,US,0.11.0,110,network A,unknown,57.18391382,5
076327E508D8EE17004990DA50C,US,0.11.0,110,network A,unknown,57.18391382,4
0763280608D8EE31EF7DC8AAF09,US,0.11.0,110,network A,unknown,99.01176698,7
0763280608D8EE31EF7DC8AAF09,US,0.11.0,110,network A,unknown,99.01176698,6
0763280608D8EE31EF7DC8AAF09,US,0.11.0,110,network A,unknown,99.01176698,5
0763280608D8EE31EF7DC8AAF09,US,0.11.0,110,network A,unknown,71.80995753,4
076328E308D8ED87DBF5975E91A,US,0.11.0,110,network A,F 18-24,25.65794224,7
076328E308D8ED87DBF5975E91A,US,0.11.0,110,network A,F 18-24,25.65794224,6
076328E308D8ED87DBF5975E91A,US,0.11.0,110,network A,F 18-24,25.65794224,5
076328E308D8ED87DBF5975E91A,US,0.11.0,110,network A,F 18-24,25.65794224,4
076328E308D8ED87DBF5975E91A,US,0.11.0,110,network A,F 18-24,25.65794224,3
076328EC08D8EE8F885CFE76920,US,0.11.0,110,network A,unknown,11.40175425,7
076328EC08D8EE8F885CFE76920,US,0.11.0,110,network A,unknown,11.40175425,6
076328EC08D8EE8F885CFE76920,US,0.11.0,110,network A,unknown,11.40175425,5
0763297908D8EFB747B2981272B,US,0.11.0,110,network D,F 18-24,10.95445115,7
0763297908D8EFB747B2981272B,US,0.11.0,110,network D,F 18-24,10.95445115,6
076329FC08D8F0468FB096D48F9,US,0.11.0,110,network E,F 18-24,67.41661516,7
076329FC08D8F0468FB096D48F9,US,0.11.0,110,network E,F 18-24,67.41661516,6
07632A0208D8EE70150F69DC4EC,BR,0.11.0,110,network A,unknown,130.6522101,7
07632A0208D8EE70150F69DC4EC,BR,0.11.0,110,network A,unknown,130.6522101,6
07632A0208D8EE70150F69DC4EC,BR,0.11.0,110,network A,unknown,130.6522101,5
07632A2408D8EFD3663FBE2E70D,BR,0.11.0,110,network A,unknown,91.73330911,7
07632A2408D8EFD3663FBE2E70D,BR,0.11.0,110,network A,unknown,66.34508271,6
07632A6208D8EED969ADD97E905,BR,0.11.0,110,network A,unknown,25.49509757,7
07632A6208D8EED969ADD97E905,BR,0.11.0,110,network A,unknown,25.49509757,6
07632A6208D8EED969ADD97E905,BR,0.11.0,110,network A,unknown,25.49509757,5
07632A8908D8F043DE04E4AA1EA,BR,0.11.0,110,network E,F 18-24,17.32050808,7
07632B0708D8ED7B27189680AB3,BR,0.11.0,110,network A,unknown,71.70543912,7
07632B0708D8ED7B27189680AB3,BR,0.11.0,110,network A,unknown,64.13524772,6
07632B0708D8ED7B27189680AB3,BR,0.11.0,110,network A,unknown,64.13524772,5
07632B0708D8ED7B27189680AB3,BR,0.11.0,110,network A,unknown,64.13524772,4
07632B0708D8ED7B27189680AB3,BR,0.11.0,110,network A,unknown,64.13524772,3
07632B1008D8F04AD80A53B2333,BR,0.11.0,110,network A,F 18-24,32.40370349,7
07632B4308D8EE39DCFF8AF8453,BR,0.11.0,110,network A,unknown,28.48982274,7
07632B4308D8EE39DCFF8AF8453,BR,0.11.0,110,network A,unknown,28.48982274,6
07632B4308D8EE39DCFF8AF8453,BR,0.11.0,110,network A,unknown,28.48982274,5
07632B4308D8EE39DCFF8AF8453,BR,0.11.0,110,network A,unknown,28.48982274,4
07632BA808D8EE4882ED4E88D34,BR,0.11.0,110,network A,unknown,30.82207001,7
07632BA808D8EE4882ED4E88D34,BR,0.11.0,110,network A,unknown,30.82207001,6
07632BA808D8EE4882ED4E88D34,BR,0.11.0,110,network A,unknown,30.82207001,5
07632BA808D8EE4882ED4E88D34,BR,0.11.0,110,network A,unknown,30.82207001,4
07632BB708D8EE04E103718A587,BR,0.11.0,110,network C,F 25-34,31.93743885,7
07632BB708D8EE04E103718A587,BR,0.11.0,110,network C,F 25-34,31.93743885,6
07632BB708D8EE04E103718A587,BR,0.11.0,110,network C,F 25-34,31.93743885,5
07632BB708D8EE04E103718A587,BR,0.11.0,110,network C,F 25-34,31.93743885,4
07632BC408D8EE171DBDA70A988,BR,0.11.0,110,network A,unknown,14.2010563,7
07632BC408D8EE171DBDA70A988,BR,0.11.0,110,network A,unknown,14.2010563,6
07632BC408D8EE171DBDA70A988,BR,0.11.0,110,network A,unknown,14.2010563,5
07632BC408D8EE171DBDA70A988,BR,0.11.0,110,network A,unknown,14.2010563,4
07632BCA08D8EEEBD7DFFCD01FF,CA,0.11.0,110,network A,F 18-24,37.23801821,7
07632BCA08D8EEEBD7DFFCD01FF,CA,0.11.0,110,network A,F 18-24,37.23801821,6
07632BCA08D8EEEBD7DFFCD01FF,CA,0.11.0,110,network A,F 18-24,37.23801821,5
07632C0308D8ED8BE554F412B2E,CA,0.11.0,110,network A,unknown,97.03092291,7
07632C0308D8ED8BE554F412B2E,CA,0.11.0,110,network A,unknown,97.03092291,6
07632C0308D8ED8BE554F412B2E,CA,0.11.0,110,network A,unknown,97.03092291,5
07632C0308D8ED8BE554F412B2E,CA,0.11.0,110,network A,unknown,97.03092291,4
07632C0308D8ED8BE554F412B2E,CA,0.11.0,110,network A,unknown,94.67486467,3
07632C4208D8EF03A386674AF23,CA,0.11.0,110,network A,unknown,52.31319145,7
07632C4208D8EF03A386674AF23,CA,0.11.0,110,network A,unknown,52.31319145,6
07632C4208D8EF03A386674AF23,CA,0.11.0,110,network A,unknown,52.31319145,5
07632C8F08D8EF5B6112F736322,CA,0.11.0,110,network A,unknown,48.02780445,7
07632C8F08D8EF5B6112F736322,CA,0.11.0,110,network A,unknown,48.02780445,6
07632C9808D8EFA74A8DB8383E9,CA,0.11.0,110,network A,F 18-24,48.39080491,7
07632C9808D8EFA74A8DB8383E9,CA,0.11.0,110,network A,F 18-24,48.39080491,6
07632D5D08D8EED39903F51AA53,CA,0.11.0,110,network A,unknown,44.3094798,7
07632D5D08D8EED39903F51AA53,CA,0.11.0,110,network A,unknown,44.3094798,6
07632D5D08D8EED39903F51AA53,CA,0.11.0,110,network A,unknown,44.3094798,5
07632D7708D8EEE05D241A18492,CA,0.11.0,110,network C,F 25-34,154.0941271,7
07632D7708D8EEE05D241A18492,CA,0.11.0,110,network C,F 25-34,114.1636107,6
07632D7708D8EEE05D241A18492,CA,0.11.0,110,network C,F 25-34,58.99152482,5
07632EA308D8EDF0E2D19A5ABF8,CA,0.11.0,110,network C,F 25-34,91.32360045,7
07632EA308D8EDF0E2D19A5ABF8,CA,0.11.0,110,network C,F 25-34,89.58236434,6
07632EA308D8EDF0E2D19A5ABF8,CA,0.11.0,110,network C,F 25-34,37.94733192,5
07632EA308D8EDF0E2D19A5ABF8,CA,0.11.0,110,network C,F 25-34,37.94733192,4
07632EAD08D8EF214F734E700FE,CA,0.11.0,110,network A,F 18-24,25.94860305,7
07632EAD08D8EF214F734E700FE,CA,0.11.0,110,network A,F 18-24,25.94860305,6
07632F8D08D8EEE9D0998E981B6,CA,0.11.0,110,network A,F 18-24,67.55242409,7
07632F8D08D8EEE9D0998E981B6,CA,0.11.0,110,network A,F 18-24,67.55242409,6
07632F8D08D8EEE9D0998E981B6,CA,0.11.0,110,network A,F 18-24,67.55242409,5
076331F508D8EE3C77D8F710EB0,CA,0.11.0,110,network A,unknown,137.7134707,7
076331F508D8EE3C77D8F710EB0,CA,0.11.0,110,network A,unknown,129.6791039,6
076331F508D8EE3C77D8F710EB0,CA,0.11.0,110,network A,unknown,129.6791039,5
076331F508D8EE3C77D8F710EB0,CA,0.11.0,110,network A,unknown,65.67594689,4
0763322608D8EFC6313A26A4E6A,CA,0.11.0,110,network A,unknown,64.70448207,7
0763322608D8EFC6313A26A4E6A,CA,0.11.0,110,network A,unknown,64.70448207,6
0763324708D8EEACD8E55B3C3A6,CA,0.11.0,110,network A,unknown,36.9685001,7
0763324708D8EEACD8E55B3C3A6,CA,0.11.0,110,network A,unknown,36.9685001,6
0763324708D8EEACD8E55B3C3A6,CA,0.11.0,110,network A,unknown,36.9685001,5
0763325A08D8EE3107B2BA1CFAD,CA,0.11.0,110,network A,unknown,88.82567196,7
0763325A08D8EE3107B2BA1CFAD,CA,0.11.0,110,network A,unknown,88.82567196,6
0763325A08D8EE3107B2BA1CFAD,CA,0.11.0,110,network A,unknown,87.27353551,5
0763325A08D8EE3107B2BA1CFAD,CA,0.11.0,110,network A,unknown,87.27353551,4
0763326108D8EF5FD25C2C7E2BD,CA,0.11.0,110,network A,F 18-24,25.23232054,7
0763326108D8EF5FD25C2C7E2BD,CA,0.11.0,110,network A,F 18-24,25.23232054,6
076333E708D8F047389552A80BA,CA,0.11.0,110,network C,F 25-34,32.86335345,7
076333ED08D8EFBB19456E601D9,CA,0.11.0,110,network D,F 18-24,8.94427191,7
076333ED08D8EFBB19456E601D9,CA,0.11.0,110,network D,F 18-24,8.94427191,6
0763343508D8EE28DAA139ACAD1,CA,0.11.0,110,network C,F 25-34,68.25195968,7
0763343508D8EE28DAA139ACAD1,CA,0.11.0,110,network C,F 25-34,68.25195968,6
0763343508D8EE28DAA139ACAD1,CA,0.11.0,110,network C,F 25-34,68.25195968,5
0763343508D8EE28DAA139ACAD1,CA,0.11.0,110,network C,F 25-34,68.25195968,4
076334B008D8EECF75B8E600341,CA,0.11.0,110,network A,unknown,78.74007874,7
076334B008D8EECF75B8E600341,CA,0.11.0,110,network A,unknown,77.84600182,6
076334B008D8EECF75B8E600341,CA,0.11.0,110,network A,unknown,35.4495416,5
0763352E08D8EF83061AFA7CB15,CA,0.11.0,110,network C,F 25-34,75.24406953,7
0763352E08D8EF83061AFA7CB15,CA,0.11.0,110,network C,F 25-34,62.15569161,6
0763356408D8EE41B56108668A5,CA,0.11.0,110,network A,unknown,34.88079701,7
0763356408D8EE41B56108668A5,CA,0.11.0,110,network A,unknown,34.88079701,6
0763356408D8EE41B56108668A5,CA,0.11.0,110,network A,unknown,34.88079701,5
0763356408D8EE41B56108668A5,CA,0.11.0,110,network A,unknown,34.88079701,4
076335A908D8EEE67420A10E9B9,CA,0.11.0,110,network A,unknown,113.48273,7
076335A908D8EEE67420A10E9B9,CA,0.11.0,110,network A,unknown,113.48273,6
076335A908D8EEE67420A10E9B9,CA,0.11.0,110,network A,unknown,85.42054788,5
076335AD08D8EEB89B744D604A3,CA,0.11.0,110,network E,F 18-24,113.5488001,7
076335AD08D8EEB89B744D604A3,CA,0.11.0,110,network E,F 18-24,113.5488001,6
076335AD08D8EEB89B744D604A3,CA,0.11.0,110,network E,F 18-24,82.73451517,5
076335B908D8EF6CF42B09447B1,CA,0.11.0,110,network A,F 18-24,101.1269994,7
076335B908D8EF6CF42B09447B1,CA,0.11.0,110,network A,F 18-24,94.58683841,6
076336B708D8EF072A413276644,CA,0.11.0,110,network A,unknown,19.40798805,7
076336B708D8EF072A413276644,CA,0.11.0,110,network A,unknown,19.40798805,6
076336B708D8EF072A413276644,CA,0.11.0,110,network A,unknown,19.40798805,5
076338A708D8EE4CAF166324515,CA,0.11.0,110,network A,unknown,60.36000331,7
076338A708D8EE4CAF166324515,CA,0.11.0,110,network A,unknown,60.36000331,6
076338A708D8EE4CAF166324515,CA,0.11.0,110,network A,unknown,60.36000331,5
076338A708D8EE4CAF166324515,CA,0.11.0,110,network A,unknown,60.36000331,4
0763392608D8EEEF7C82263E208,CA,0.11.0,110,network C,F 25-34,74.02702209,7
0763392608D8EEEF7C82263E208,CA,0.11.0,110,network C,F 25-34,74.02702209,6
0763392608D8EEEF7C82263E208,CA,0.11.0,110,network C,F 25-34,64.84597135,5
076339BA08D8EE9115484042ED0,GB,0.11.0,110,network A,unknown,12.38264915,7
076339BA08D8EE9115484042ED0,GB,0.11.0,110,network A,unknown,12.38264915,6
076339BA08D8EE9115484042ED0,GB,0.11.0,110,network A,unknown,12.38264915,5
076339CA08D8EF6003195E541DD,AU,0.11.0,110,network C,F 25-34,71.34423593,7
076339CA08D8EF6003195E541DD,AU,0.11.0,110,network C,F 25-34,28.80972058,6
076339CA08D8EF6003195E541DD,AU,0.11.0,110,network C,F 25-34,28.80972058,5
07633A1308D8EEC1B716012CC30,GB,0.11.0,110,network A,unknown,75.96051606,7
07633A1308D8EEC1B716012CC30,GB,0.11.0,110,network A,unknown,75.96051606,6
07633A1308D8EEC1B716012CC30,GB,0.11.0,110,network A,unknown,75.96051606,5
07633A7208D8EEF4ADCFF270167,GB,0.11.0,110,network C,F 25-34,68.30080527,7
07633A7208D8EEF4ADCFF270167,GB,0.11.0,110,network C,F 25-34,68.30080527,6
07633A7208D8EEF4ADCFF270167,GB,0.11.0,110,network C,F 25-34,68.30080527,5
07633AE308D8F08339F7A71830E,GB,0.11.0,110,network A,F 18-24,73.76767585,7
07633B5108D8EEA94AB060940EE,GB,0.11.0,110,network A,unknown,73.07530363,7
07633B5108D8EEA94AB060940EE,GB,0.11.0,110,network A,unknown,73.07530363,6
07633B5108D8EEA94AB060940EE,GB,0.11.0,110,network A,unknown,69.0651866,5
07633B6608D8EF337A71791E458,GB,0.11.0,110,network A,unknown,106.9345594,7
07633B6608D8EF337A71791E458,GB,0.11.0,110,network A,unknown,106.9345594,6
07633D5208D8ED82A91C57D2495,GB,0.11.0,110,network A,unknown,68.19090848,7
07633D5208D8ED82A91C57D2495,GB,0.11.0,110,network A,unknown,68.19090848,6
07633D5208D8ED82A91C57D2495,GB,0.11.0,110,network A,unknown,68.19090848,5
07633D5208D8ED82A91C57D2495,GB,0.11.0,110,network A,unknown,68.19090848,4
07633D5208D8ED82A91C57D2495,GB,0.11.0,110,network A,unknown,68.19090848,3
07633D7708D8EE2C2FFBAC4048B,GB,0.11.0,110,network C,F 25-34,79.37253933,7
07633D7708D8EE2C2FFBAC4048B,GB,0.11.0,110,network C,F 25-34,79.37253933,6
07633D7708D8EE2C2FFBAC4048B,GB,0.11.0,110,network C,F 25-34,79.37253933,5
07633D7708D8EE2C2FFBAC4048B,GB,0.11.0,110,network C,F 25-34,79.37253933,4
07633E7508D8EF59AFF1B15A020,CA,0.11.0,110,network C,F 25-34,62.32976817,7
07633E7508D8EF59AFF1B15A020,CA,0.11.0,110,network C,F 25-34,62.32976817,6
07633F2708D8EFD8B8F6A33A94B,NZ,0.11.0,110,network A,F 18-24,57.09640969,7
07633F2708D8EFD8B8F6A33A94B,NZ,0.11.0,110,network A,F 18-24,53.94441584,6
0763400008D8EEE2A4451152CC5,GB,0.11.0,110,network A,unknown,74.63243263,7
0763400008D8EEE2A4451152CC5,GB,0.11.0,110,network A,unknown,74.63243263,6
0763400008D8EEE2A4451152CC5,GB,0.11.0,110,network A,unknown,73.23475951,5
0763400E08D8EFDCEE1FA35ADFE,GB,0.11.0,110,network A,unknown,40.68169121,7
0763400E08D8EFDCEE1FA35ADFE,GB,0.11.0,110,network A,unknown,40.68169121,6
0763403808D8ED9AF400A718706,GB,0.11.0,110,network A,unknown,32.83793538,7
0763403808D8ED9AF400A718706,GB,0.11.0,110,network A,unknown,32.83793538,6
0763403808D8ED9AF400A718706,GB,0.11.0,110,network A,unknown,32.83793538,5
0763403808D8ED9AF400A718706,GB,0.11.0,110,network A,unknown,32.83793538,4
076340C308D8ED7987F46D00613,FR,0.11.0,110,network A,unknown,33.41661264,7
076340C308D8ED7987F46D00613,FR,0.11.0,110,network A,unknown,33.41661264,6
076340C308D8ED7987F46D00613,FR,0.11.0,110,network A,unknown,33.41661264,5
076340C308D8ED7987F46D00613,FR,0.11.0,110,network A,unknown,33.41661264,4
076340C308D8ED7987F46D00613,FR,0.11.0,110,network A,unknown,33.41661264,3
076340CD08D8EE13D5302AA636B,FR,0.11.0,110,network A,unknown,83.47652365,7
076340CD08D8EE13D5302AA636B,FR,0.11.0,110,network A,unknown,83.47652365,6
076340CD08D8EE13D5302AA636B,FR,0.11.0,110,network A,unknown,83.47652365,5
076340CD08D8EE13D5302AA636B,FR,0.11.0,110,network A,unknown,58.62311831,4
076341E508D8F06837A1D4D6B56,FR,0.11.0,110,network A,unknown,41.47288271,7
0763421E08D8EEE9980A452C594,FR,0.11.0,110,network A,unknown,27.5680975,7
0763421E08D8EEE9980A452C594,FR,0.11.0,110,network A,unknown,27.5680975,6
0763421E08D8EEE9980A452C594,FR,0.11.0,110,network A,unknown,27.5680975,5
0763426108D8EF75BA76B3204D3,FR,0.11.0,110,network A,unknown,78.46445055,7
0763426108D8EF75BA76B3204D3,FR,0.11.0,110,network A,unknown,78.46445055,6
0763429F08D8EFB388C72F1A019,FR,0.11.0,110,network A,F 18-24,82.12794896,7
0763429F08D8EFB388C72F1A019,FR,0.11.0,110,network A,F 18-24,82.12794896,6
076342CF08D8EEA53188AE22A2E,FR,0.11.0,110,network C,F 25-34,2.886173938,7
076342CF08D8EEA53188AE22A2E,FR,0.11.0,110,network C,F 25-34,2.886173938,6
076342CF08D8EEA53188AE22A2E,FR,0.11.0,110,network C,F 25-34,2.886173938,5
076342E108D8EEDE0950618219F,FR,0.11.0,110,network A,unknown,130.3137368,7
076342E108D8EEDE0950618219F,FR,0.11.0,110,network A,unknown,123.0853363,6
076342E108D8EEDE0950618219F,FR,0.11.0,110,network A,unknown,105.3090689,5
076343A308D8EF1FC87958A2BA5,FR,0.11.0,110,network A,F 18-24,110.5591697,7
076343A308D8EF1FC87958A2BA5,FR,0.11.0,110,network A,F 18-24,44.79587035,6
076343A308D8EF1FC87958A2BA5,FR,0.11.0,110,network A,F 18-24,42.93401915,5
0763446108D8F045915BAD9E95E,FR,0.11.0,110,network E,F 18-24,67.50311104,7
0763466908D8EF1FEBF8DD3446A,FR,0.11.0,110,network A,unknown,35.77708764,7
0763466908D8EF1FEBF8DD3446A,FR,0.11.0,110,network A,unknown,35.77708764,6
0763466908D8EF1FEBF8DD3446A,FR,0.11.0,110,network A,unknown,35.77708764,5
076346DA08D8EF1FC881983C1B5,FR,0.11.0,110,network A,unknown,18.30300522,7
076346DA08D8EF1FC881983C1B5,FR,0.11.0,110,network A,unknown,18.30300522,6
076346DA08D8EF1FC881983C1B5,FR,0.11.0,110,network A,unknown,18.30300522,5
0763483408D8EF6271EEB6ECAD7,FR,0.11.0,110,network A,unknown,80.53986591,7
0763483408D8EF6271EEB6ECAD7,FR,0.11.0,110,network A,unknown,80.53986591,6
0763483C08D8EFE2C10098ECBE4,FR,0.11.0,110,network E,F 18-24,45.89847492,7
0763483C08D8EFE2C10098ECBE4,FR,0.11.0,110,network E,F 18-24,45.89847492,6
0763485808D8EE3EF06AA2EEA8A,FR,0.11.0,110,network A,unknown,138.5941196,7
0763485808D8EE3EF06AA2EEA8A,FR,0.11.0,110,network A,unknown,129.2026703,6
0763485808D8EE3EF06AA2EEA8A,FR,0.11.0,110,network A,unknown,129.2026703,5
0763485808D8EE3EF06AA2EEA8A,FR,0.11.0,110,network A,unknown,93.16651759,4
0763493108D8EEE6FD2D669ECDB,FR,0.11.0,110,network A,unknown,20.65599187,7
0763493108D8EEE6FD2D669ECDB,FR,0.11.0,110,network A,unknown,20.65599187,6
0763493108D8EEE6FD2D669ECDB,FR,0.11.0,110,network A,unknown,20.65599187,5
07634A7708D8EF76D61641BCF79,FR,0.11.0,110,network E,F 18-24,25.69046516,7
07634A7708D8EF76D61641BCF79,FR,0.11.0,110,network E,F 18-24,25.69046516,6
07634AB308D8EF7DB2A6E28E9CB,FR,0.11.0,110,network A,unknown,82.96583634,7
07634AB308D8EF7DB2A6E28E9CB,FR,0.11.0,110,network A,unknown,82.96583634,6
00007BF208D9031BD4D253F0A6D,JP,0.12.0,120,network C,F 25-34,68.98064946,7
00007BF208D9031BD4D253F0A6D,JP,0.12.0,120,network C,F 25-34,68.98064946,6
0762BF2D08D901051F657B86F80,US,0.12.0,120,network C,F 25-34,24.22127164,7
0762BF2D08D901051F657B86F80,US,0.12.0,120,network C,F 25-34,24.22127164,6
0762BF2D08D901051F657B86F80,US,0.12.0,120,network C,F 25-34,24.22127164,5
0762BF2D08D901051F657B86F80,US,0.12.0,120,network C,F 25-34,24.22127164,4
0762BF2D08D901051F657B86F80,US,0.12.0,120,network C,F 25-34,24.22127164,3
077B2ED108D9004C90D9C56AAF9,US,0.12.0,120,network C,F 25-34,92.13213337,7
077B2ED108D9004C90D9C56AAF9,US,0.12.0,120,network C,F 25-34,92.13213337,6
077B2ED108D9004C90D9C56AAF9,US,0.12.0,120,network C,F 25-34,92.13213337,5
077B2ED108D9004C90D9C56AAF9,US,0.12.0,120,network C,F 25-34,92.13213337,4
077B2ED108D9004C90D9C56AAF9,US,0.12.0,120,network C,F 25-34,92.13213337,3
077B2ED108D9004C90D9C56AAF9,US,0.12.0,120,network C,F 25-34,86.86195945,2
077B536F08D903714BCE716E276,LV,0.12.0,120,network C,F 25-34,47.4341649,7
077B536F08D903714BCE716E276,LV,0.12.0,120,network C,F 25-34,47.4341649,6
077BA60708D90060A84663523E6,US,0.12.0,120,network C,F 25-34,27.86879976,7
077BA60708D90060A84663523E6,US,0.12.0,120,network C,F 25-34,27.86879976,6
077BA60708D90060A84663523E6,US,0.12.0,120,network C,F 25-34,27.86879976,5
077BA60708D90060A84663523E6,US,0.12.0,120,network C,F 25-34,27.86879976,4
077BA60708D90060A84663523E6,US,0.12.0,120,network C,F 25-34,27.86879976,3
077BA60708D90060A84663523E6,US,0.12.0,120,network C,F 25-34,27.86879976,2
077BBFD208D9025E51246C0E058,US,0.12.0,120,network C,F 25-34,94.0123928,7
077BBFD208D9025E51246C0E058,US,0.12.0,120,network C,F 25-34,94.0123928,6
077BBFD208D9025E51246C0E058,US,0.12.0,120,network C,F 25-34,80.07290428,5
077BE8AD08D9004E7A2AFA6CDEE,US,0.12.0,120,network C,F 25-34,91.71515687,7
077BE8AD08D9004E7A2AFA6CDEE,US,0.12.0,120,network C,F 25-34,91.71515687,6
077BE8AD08D9004E7A2AFA6CDEE,US,0.12.0,120,network C,F 25-34,91.71515687,5
077BE8AD08D9004E7A2AFA6CDEE,US,0.12.0,120,network C,F 25-34,81.92478258,4
077BE8AD08D9004E7A2AFA6CDEE,US,0.12.0,120,network C,F 25-34,80.98351684,3
077BE8AD08D9004E7A2AFA6CDEE,US,0.12.0,120,network C,F 25-34,55.79722215,2
00000C7408D902A59B0CE9D0CEB,GB,0.12.0,120,network C,F 25-34,74.15072488,7
00000C7408D902A59B0CE9D0CEB,GB,0.12.0,120,network C,F 25-34,74.15072488,6
00000C7408D902A59B0CE9D0CEB,GB,0.12.0,120,network C,F 25-34,74.15072488,5
000016DD08D9040E9705AA60218,JP,0.12.0,120,network C,F 25-34,67.92149881,7
0000723D08D900F7ADB15D00385,JP,0.12.0,120,network C,F 25-34,49.1934955,7
0000723D08D900F7ADB15D00385,JP,0.12.0,120,network C,F 25-34,49.1934955,6
0000723D08D900F7ADB15D00385,JP,0.12.0,120,network C,F 25-34,49.1934955,5
0000723D08D900F7ADB15D00385,JP,0.12.0,120,network C,F 25-34,49.1934955,4
0000723D08D900F7ADB15D00385,JP,0.12.0,120,network C,F 25-34,49.1934955,3
0000EE9308D902AF11545E30EE7,GB,0.12.0,120,network C,F 25-34,89.9814981,7
0000EE9308D902AF11545E30EE7,GB,0.12.0,120,network C,F 25-34,89.05992365,6
0000EE9308D902AF11545E30EE7,GB,0.12.0,120,network C,F 25-34,87.26396736,5
076255C708D900760C4345B8E64,DE,0.12.0,120,network C,F 25-34,54.52824956,7
076255C708D900760C4345B8E64,DE,0.12.0,120,network C,F 25-34,54.52824956,6
076255C708D900760C4345B8E64,DE,0.12.0,120,network C,F 25-34,54.52824956,5
076255C708D900760C4345B8E64,DE,0.12.0,120,network C,F 25-34,54.52824956,4
076255C708D900760C4345B8E64,DE,0.12.0,120,network C,F 25-34,54.52824956,3
076255C708D900760C4345B8E64,DE,0.12.0,120,network C,F 25-34,54.52824956,2
0763E4B008D8EFD0CEA9C908D15,GB,0.12.0,120,network A,F 18-24,70.42726745,7
0763E4B008D8EFD0CEA9C908D15,GB,0.12.0,120,network A,F 18-24,70.42726745,6
0763E4B008D8EFD0CEA9C908D15,GB,0.12.0,120,network A,F 18-24,70.42726745,5
0763E4B008D8EFD0CEA9C908D15,GB,0.12.0,120,network A,F 18-24,70.42726745,4
0763E4B008D8EFD0CEA9C908D15,GB,0.12.0,120,network A,F 18-24,46.43996124,3
077B09E408D900534BC5EF7EFF4,NL,0.12.0,120,network C,F 25-34,68.28857884,7
077B09E408D900534BC5EF7EFF4,NL,0.12.0,120,network C,F 25-34,68.28857884,6
077B09E408D900534BC5EF7EFF4,NL,0.12.0,120,network C,F 25-34,68.28857884,5
077B09E408D900534BC5EF7EFF4,NL,0.12.0,120,network C,F 25-34,68.28857884,4
077B09E408D900534BC5EF7EFF4,NL,0.12.0,120,network C,F 25-34,68.28857884,3
077B09E408D900534BC5EF7EFF4,NL,0.12.0,120,network C,F 25-34,62.71626583,2
077B0A6C08D901558F41B6AECD2,GB,0.12.0,120,network C,F 25-34,68.76285334,7
077B0A6C08D901558F41B6AECD2,GB,0.12.0,120,network C,F 25-34,68.76285334,6
077B0A6C08D901558F41B6AECD2,GB,0.12.0,120,network C,F 25-34,68.76285334,5
077B0A6C08D901558F41B6AECD2,GB,0.12.0,120,network C,F 25-34,68.76285334,4
077B2F8D08D901C7A0D8B120399,GB,0.12.0,120,network B,F 18-24,80.97326719,7
077B2F8D08D901C7A0D8B120399,GB,0.12.0,120,network B,F 18-24,80.97326719,6
077B2F8D08D901C7A0D8B120399,GB,0.12.0,120,network B,F 18-24,59.39974747,5
077B2F8D08D901C7A0D8B120399,GB,0.12.0,120,network B,F 18-24,59.09035454,4
077B3B8808D902C77B489A00F6D,DE,0.12.0,120,network C,F 25-34,43.10835186,7
077B3B8808D902C77B489A00F6D,DE,0.12.0,120,network C,F 25-34,43.10835186,6
077B3B8808D902C77B489A00F6D,DE,0.12.0,120,network C,F 25-34,43.10835186,5
077B407E08D90175319028A4CBD,GB,0.12.0,120,network C,F 25-34,38.94444761,7
077B407E08D90175319028A4CBD,GB,0.12.0,120,network C,F 25-34,38.94444761,6
077B407E08D90175319028A4CBD,GB,0.12.0,120,network C,F 25-34,38.94444761,5
077B407E08D90175319028A4CBD,GB,0.12.0,120,network C,F 25-34,38.94444761,4
077B556308D901A4AA2D7378BB4,SE,0.12.0,120,network C,F 25-34,25.56032081,7
077B556308D901A4AA2D7378BB4,SE,0.12.0,120,network C,F 25-34,25.56032081,6
077B556308D901A4AA2D7378BB4,SE,0.12.0,120,network C,F 25-34,25.56032081,5
077B556308D901A4AA2D7378BB4,SE,0.12.0,120,network C,F 25-34,25.56032081,4
077B58AA08D901D3D086CE32B3B,DE,0.12.0,120,network C,F 25-34,80.79808166,7
077B58AA08D901D3D086CE32B3B,DE,0.12.0,120,network C,F 25-34,80.79808166,6
077B58AA08D901D3D086CE32B3B,DE,0.12.0,120,network C,F 25-34,80.79808166,5
077B58AA08D901D3D086CE32B3B,DE,0.12.0,120,network C,F 25-34,80.79808166,4
077B62A408D9038D5A847142363,GB,0.12.0,120,network C,F 25-34,89.21883209,7
077B62A408D9038D5A847142363,GB,0.12.0,120,network C,F 25-34,59.30151769,6
077B687308D900437BB4B086826,UA,0.12.0,120,network C,F 25-34,51.25104877,7
077B687308D900437BB4B086826,UA,0.12.0,120,network C,F 25-34,51.25104877,6
077B687308D900437BB4B086826,UA,0.12.0,120,network C,F 25-34,51.25104877,5
077B687308D900437BB4B086826,UA,0.12.0,120,network C,F 25-34,51.25104877,4
077B687308D900437BB4B086826,UA,0.12.0,120,network C,F 25-34,51.25104877,3
077B687308D900437BB4B086826,UA,0.12.0,120,network C,F 25-34,51.25104877,2
077B6AED08D9022FE568A166B56,IN,0.12.0,120,network C,F 25-34,75.05551279,7
077B6AED08D9022FE568A166B56,IN,0.12.0,120,network C,F 25-34,75.05551279,6
077B6AED08D9022FE568A166B56,IN,0.12.0,120,network C,F 25-34,75.05551279,5
077B6E7C08D90243B728A526587,GB,0.12.0,120,network C,F 25-34,39.5811824,7
077B6E7C08D90243B728A526587,GB,0.12.0,120,network C,F 25-34,39.5811824,6
077B6E7C08D90243B728A526587,GB,0.12.0,120,network C,F 25-34,39.5811824,5
077B70D408D9022E69E3EE84E22,IN,0.12.0,120,network C,F 25-34,101.9722021,7
077B70D408D9022E69E3EE84E22,IN,0.12.0,120,network C,F 25-34,101.9722021,6
077B70D408D9022E69E3EE84E22,IN,0.12.0,120,network C,F 25-34,99.44008246,5
077B70FA08D902C03DE21BE87F4,US,0.12.0,120,network C,F 25-34,59.10439916,7
077B70FA08D902C03DE21BE87F4,US,0.12.0,120,network C,F 25-34,59.10439916,6
077B738C08D900572C0BF90E6D6,GB,0.12.0,120,network C,F 25-34,72.41084173,7
077B738C08D900572C0BF90E6D6,GB,0.12.0,120,network C,F 25-34,72.41084173,6
077B738C08D900572C0BF90E6D6,GB,0.12.0,120,network C,F 25-34,72.41084173,5
077B738C08D900572C0BF90E6D6,GB,0.12.0,120,network C,F 25-34,72.41084173,4
077B738C08D900572C0BF90E6D6,GB,0.12.0,120,network C,F 25-34,72.41084173,3
077B738C08D900572C0BF90E6D6,GB,0.12.0,120,network C,F 25-34,56.67159782,2
077B7BFE08D90117DB3895847BC,SE,0.12.0,120,network C,F 25-34,26.14058148,7
077B7BFE08D90117DB3895847BC,SE,0.12.0,120,network C,F 25-34,26.14058148,6
077B7BFE08D90117DB3895847BC,SE,0.12.0,120,network C,F 25-34,26.14058148,5
077B7BFE08D90117DB3895847BC,SE,0.12.0,120,network C,F 25-34,26.14058148,4
077B7BFE08D90117DB3895847BC,SE,0.12.0,120,network C,F 25-34,26.14058148,3
077B8EE908D9012B147CC230A77,GB,0.12.0,120,network C,F 25-34,58.76504063,7
077B8EE908D9012B147CC230A77,GB,0.12.0,120,network C,F 25-34,58.76504063,6
077B8EE908D9012B147CC230A77,GB,0.12.0,120,network C,F 25-34,58.76504063,5
077B8EE908D9012B147CC230A77,GB,0.12.0,120,network C,F 25-34,48.06245936,4
077B8EE908D9012B147CC230A77,GB,0.12.0,120,network C,F 25-34,43.24349662,3
077B97E508D901AA29EC0BC4E8D,VN,0.12.0,120,network C,F 25-34,23.38097517,7
077B97E508D901AA29EC0BC4E8D,VN,0.12.0,120,network C,F 25-34,23.38097517,6
077B97E508D901AA29EC0BC4E8D,VN,0.12.0,120,network C,F 25-34,23.38097517,5
077B97E508D901AA29EC0BC4E8D,VN,0.12.0,120,network C,F 25-34,23.38097517,4
077BBF6608D901192795AD264D8,US,0.12.0,120,network C,F 25-34,65.23036103,7
077BBF6608D901192795AD264D8,US,0.12.0,120,network C,F 25-34,65.23036103,6
077BBF6608D901192795AD264D8,US,0.12.0,120,network C,F 25-34,65.23036103,5
077BBF6608D901192795AD264D8,US,0.12.0,120,network C,F 25-34,65.23036103,4
077BCB2308D9002310841E8409C,GB,0.12.0,120,network C,F 25-34,43.39735015,7
077BCB2308D9002310841E8409C,GB,0.12.0,120,network C,F 25-34,43.39735015,6
077BCB2308D9002310841E8409C,GB,0.12.0,120,network C,F 25-34,43.39735015,5
077BCB2308D9002310841E8409C,GB,0.12.0,120,network C,F 25-34,43.39735015,4
077BCB2308D9002310841E8409C,GB,0.12.0,120,network C,F 25-34,43.39735015,3
077BCB2308D9002310841E8409C,GB,0.12.0,120,network C,F 25-34,43.39735015,2
077BE96508D903F40D8FBF100D7,DE,0.12.0,120,network C,F 25-34,77.24422308,7
077BEC8208D90036F3EE04927C0,UA,0.12.0,120,network C,F 25-34,42.32812304,7
077BEC8208D90036F3EE04927C0,UA,0.12.0,120,network C,F 25-34,42.32812304,6
077BEC8208D90036F3EE04927C0,UA,0.12.0,120,network C,F 25-34,42.32812304,5
077BEC8208D90036F3EE04927C0,UA,0.12.0,120,network C,F 25-34,42.32812304,4
077BEC8208D90036F3EE04927C0,UA,0.12.0,120,network C,F 25-34,42.32812304,3
077BEC8208D90036F3EE04927C0,UA,0.12.0,120,network C,F 25-34,42.32812304,2